0.0001
0.0002
0.00025
0.0003
0.0005
0.0007
0.001
0.0011
0.0012
0.0015
0.002
0.0022
0.0025
0.003
0.0035
0.004
0.005
0.0051
0.0055
0.006
0.007
0.008
0.009
0.01
0.011
0.012
0.013
0.014
0.015
0.016
0.018
0.02
0.022
0.024
0.025
0.027
0.03
0.032
0.033
0.0332
0.035
0.036
0.039
0.04
0.043
0.045
0.047
0.0475
0.05
0.051
0.056
0.057
0.06
0.0604
0.061
0.062
0.065
0.068
0.07
0.075
0.08
0.082
0.0845
0.085
0.09
0.0909
0.091
0.1
0.11
0.12
0.13
0.14
0.143
0.15
0.16
0.18
0.2
0.22
0.24
0.25
0.27
0.28
0.3
0.33
0.332
0.36
0.39
0.4
0.402
0.43
0.47
0.499
0.5
0.51
0.56
0.6
0.604
0.619
0.62
0.68
0.7
0.75
0.82
0.845
0.909
0.91
0.931
1
1.01
1.02
1.04
1.05
1.061
1.07
1.09
1.1
1.101
1.11
1.13
1.14
1.15
1.151
1.17
1.18
1.2
1.21
1.23
1.24
1.25
1.26
1.27
1.29
1.3
1.33
1.333
1.35
1.37
1.4
1.42
1.43
1.45
1.47
1.49
1.5
1.52
1.54
1.56
1.58
1.6
1.62
1.64
1.65
1.67
1.69
1.7
1.74
1.75
1.76
1.78
1.8
1.82
1.84
1.87
1.89
1.9
1.91
1.93
1.96
1.98
2
2.03
2.05
2.08
2.1
2.15
2.18
2.2
2.21
2.23
2.24
2.25
2.26
2.27
2.29
2.3
2.32
2.34
2.37
2.4
2.43
2.46
2.49
2.5
2.52
2.55
2.58
2.6
2.61
2.64
2.67
2.7
2.71
2.74
2.75
2.8
2.84
2.87
2.9
2.91
2.94
2.98
3
3.01
3.05
3.09
3.1
3.12
3.16
3.2
3.24
3.25
3.28
3.3
3.32
3.333
3.36
3.4
3.44
3.46
3.48
3.5
3.52
3.57
3.6
3.61
3.65
3.7
3.74
3.75
3.79
3.8
3.83
3.88
3.9
3.92
3.97
4
4.02
4.07
4.12
4.17
4.2
4.22
4.27
4.3
4.32
4.36
4.37
4.42
4.48
4.5
4.51
4.53
4.59
4.6
4.64
4.7
4.74
4.75
4.81
4.87
4.9
4.93
4.99
5
5.05
5.1
5.11
5.17
5.2
5.23
5.25
5.3
5.36
5.42
5.45
5.49
5.5
5.56
5.6
5.62
5.69
5.7
5.76
5.83
5.9
5.97
6
6.04
6.1
6.12
6.19
6.2
6.26
6.34
6.4
6.42
6.43
6.49
6.57
6.65
6.667
6.73
6.8
6.81
6.89
6.9
6.98
7
7.06
7.15
7.23
7.32
7.41
7.5
7.59
7.68
7.77
7.8
7.87
7.96
8
8.06
8.1
8.16
8.2
8.25
8.3
8.35
8.4
8.45
8.5
8.56
8.6
8.66
8.76
8.87
8.98
9
9.09
9.1
9.2
9.3
9.31
9.42
9.5
9.53
9.6
9.65
9.76
9.88
9.93
10
10.01
10.1
10.2
10.4
10.5
10.6
10.7
10.9
11
11.1
11.3
11.4
11.5
11.7
11.8
12
12.1
12.12
12.3
12.4
12.5
12.6
12.7
12.9
13
13.2
13.3
13.5
13.6
13.7
13.8
14
14.2
14.3
14.4
14.5
14.7
14.9
15
15.2
15.3
15.4
15.6
15.8
16
16.1
16.2
16.4
16.5
16.7
16.9
17
17.2
17.4
17.5
17.6
17.8
18
18.2
18.4
18.7
18.9
19
19.1
19.3
19.6
20
20.3
20.5
20.8
21
21.3
21.5
21.8
22
22.1
22.21
22.3
22.5
22.6
22.9
23.07
23.2
23.3
23.4
23.7
24
24.3
24.6
24.9
25
25.2
25.5
25.8
26
26.01
26.1
26.4
26.7
27
27.1
27.4
27.7
28
28.4
28.7
29.1
29.4
29.8
29.9
30
30.1
30.16
30.5
30.9
31.06
31.2
31.5
31.6
32
32.4
32.7
32.8
33
33.2
33.22
33.4
33.6
34
34.4
34.8
35
35.2
35.7
36
36.1
36.5
37
37.4
37.9
38
38.3
38.8
39
39.2
39.7
40
40.2
41.2
41.7
42
42.2
42.7
43
43.2
43.3
43.7
44
44.2
44.8
45
45.3
45.9
46.4
47
47.5
48
48.1
48.7
49.3
49.9
50
50.5
51
51.1
51.7
52
52.3
53
53.6
54
54.2
54.9
55
55.1
55.11
55.36
55.49
55.6
55.9
56
56.2
56.6
56.9
57.6
58.3
59
59.7
60
60.4
61.2
61.9
62
62.5
62.6
62.9
63.4
64
64.2
64.9
65
65.7
66
66.12
66.5
67
67.3
68
68.1
68.26
69
69.8
70
70.6
71.1
71.5
72.3
73
73.1
73.2
74.1
75
75.9
76.8
77.7
78
78.7
79.6
80
80.06
80.6
81.6
82
82.5
83.3
83.5
84.5
85
85.6
86
86.6
87.6
88
88.7
89.8
90
90.09
90.9
91
91.1
92
93.1
94
94.2
95.3
96.5
97.6
98
98.8
99
100
101
102
104
105
106
107
109
110
111
113
114
115
117
118
120
121
123
124
125
126
127
129
130
131
132
133
135
137
138
140
142
143
145
147
149
150
151
152
154
156
158
160
162
164
165
166.6
167
169
170
172
174
175
176
178
180
181
182
184
185
187
189
190
191
193
196
198
200
201
204
205
208
210
213
215
218
220
221
223
224
225
226
229
230
232
234
237
240
243
246
249
250
252
255
258
260
261
264
267
270
271
274
277
280
284
287
291
294
298
300
301
305
309
310
312
313
316
319.6
320
324
328
330
332
333
333.3
336
340
344
348
350
352
357
360
365
370
374
379
383
385
390
392
397
400
402
407
412
417
420
422
425
427
430
432
437
440
442
448
449
450
453
459
464
470
474
475
481
487
493
499
500
505
510
511
517
520
523
525
530
536
540
542
548
549
550
556
560
562
576
583
590
597
600
602
603
604
612
619
620
625
626
630
634
640
642
649
650
657
665
666.7
673
680
681
690
698
700
706
715
720
723
732
735
750
754
759
768
777
787
796
800
805
806
816
820
825
830
835
845
850
856
860
866
876
887
898
900
909
910
920
931
935
942
953
960
965
976
988
1000
1020
1027
1050
1070
1100
1130
1150
1180
1200
1206
1210
1240
1270
1300
1330
1370
1400
1430
1470
1500
1540
1580
1600
1620
1650
1690
1740
1780
1800
1812
1820
1870
1910
1960
2000
2010
2050
2100
2150
2200
2210
2260
2320
2370
2400
2430
2490
2512
2550
2610
2670
2700
2740
2800
2870
2940
3000
3010
3050
3090
3096
3160
3240
3300
3320
3400
3480
3570
3600
3650
3740
3830
3900
3920
4020
4120
4220
4300
4320
4420
4530
4640
4700
4750
4870
4990
5000
5100
5110
5230
5360
5490
5600
5620
5760
5900
6040
6190
6200
6340
6490
6650
6800
6810
6980
7150
7320
7500
7680
7870
8060
8200
8250
8450
8660
8760
8870
9090
9100
9310
9530
9760
10000
10200
10400
10500
10700
11000
11300
11500
11800
12000
12100
12400
12700
13000
13300
13700
14000
14300
14700
15000
15400
15800
16000
16200
16500
16900
17400
17800
18000
18200
18700
19100
19600
20000
20500
21000
21500
22000
22100
22600
23200
23700
24000
24300
24900
25500
26100
26700
27000
27400
28000
28700
29400
30000
30100
30900
31600
32400
33000
33200
34000
34800
35700
36000
36500
37400
38300
39000
39200
40200
41200
42200
43000
43200
44200
45300
46400
47000
47500
48700
49900
51000
51100
52300
53600
54900
56000
56200
57600
59000
60400
61900
62000
63400
64900
66500
68000
68100
69800
71500
73200
75000
76800
78700
80600
82000
82500
84500
86600
88700
90900
91000
93100
95300
97600
100000
102000
105000
107000
110000
113000
115000
118000
120000
121000
124000
127000
130000
133000
137000
140000
143000
147000
150000
154000
158000
160000
162000
165000
169000
174000
178000
180000
182000
187000
191000
196000
200000
205000
210000
215000
220000
221000
226000
232000
237000
240000
243000
249000
255000
261000
267000
270000
274000
280000
287000
294000
300000
301000
309000
316000
324000
330000
332000
340000
348000
357000
360000
365000
374000
383000
390000
392000
402000
412000
422000
430000
432000
442000
453000
464000
470000
475000
487000
499000
510000
511000
523000
536000
549000
560000
562000
576000
590000
604000
619000
620000
649000
665000
680000
681000
698000
715000
750000
768000
787000
820000
825000
866000
887000
909000
910000
931000
953000
976000
1000000
1020000
1050000
1100000
1130000
1180000
1200000
1300000
1330000
1470000
1500000
1600000
1650000
1780000
1800000
1820000
1910000
1960000
2000000
2100000
2150000
2200000
2320000
2400000
2490000
2700000
2740000
3000000
3010000
3300000
3650000
3900000
4220000
4300000
4640000
4700000
4750000
5100000
5360000
5600000
5620000
6200000
6800000
7500000
8200000
8250000
10000000
11000000
13000000
15000000
18000000
20000000
22000000
27000000
30000000
33000000
39000000
47000000
50000000
100000000
150000000
1000000000
25000000000